11111111111111111111111111111111
11111111111111111111111111111111
11222222222222222222222222222211
11222222222222222222222222222211
11222222222222222222222222222211
11222222222222222222222222222211
11222222222222222222222222222211
11222222222222222222222222222211
11222222222222222222222222222211
11222222222222222222222222222211
11222222222222222222222222222211
11222222222222222222222222222211
11222222222222222222222222222211
11222222222222222222222222222211
11222222222222222222222222222211
11222222222222222222222222222211
11222222222222222222222222222211
11222222222222222222222222222211
11111111111111111111111111111111
11111111111111111111111111111111